    raio       pgas        prad      epspp      epscno    epstot
  0.000D+00  0.124D+12  0.396D+04  0.896D-23  0.127-102  0.896D-23
  0.995D+00  0.101D+13  0.886D+06  0.701D-18  0.904D-81  0.701D-18
  0.990D+00  0.291D+13  0.827D+07  0.370D-15  0.103D-68  0.370D-15
  0.985D+00  0.604D+13  0.347D+08  0.247D-13  0.111D-60  0.247D-13
  0.980D+00  0.106D+14  0.999D+08  0.548D-12  0.862D-55  0.548D-12
  0.975D+00  0.168D+14  0.231D+09  0.615D-11  0.325D-50  0.615D-11
  0.970D+00  0.247D+14  0.462D+09  0.436D-10  0.161D-46  0.436D-10
  0.965D+00  0.346D+14  0.834D+09  0.223D-09  0.188D-43  0.223D-09
  0.960D+00  0.464D+14  0.139D+10  0.890D-09  0.738D-41  0.890D-09
  0.955D+00  0.602D+14  0.219D+10  0.294D-08  0.125D-38  0.294D-08
  0.950D+00  0.761D+14  0.327D+10  0.831D-08  0.109D-36  0.831D-08
  0.945D+00  0.941D+14  0.468D+10  0.207D-07  0.547D-35  0.207D-07
  0.940D+00  0.114D+15  0.647D+10  0.465D-07  0.173D-33  0.465D-07
  0.935D+00  0.136D+15  0.868D+10  0.955D-07  0.372D-32  0.955D-07
  0.930D+00  0.159D+15  0.113D+11  0.181D-06  0.571D-31  0.181D-06
  0.925D+00  0.184D+15  0.144D+11  0.322D-06  0.652D-30  0.322D-06
  0.920D+00  0.210D+15  0.180D+11  0.537D-06  0.573D-29  0.537D-06
  0.915D+00  0.237D+15  0.220D+11  0.848D-06  0.398D-28  0.848D-06
  0.910D+00  0.264D+15  0.263D+11  0.127D-05  0.223D-27  0.127D-05
  0.905D+00  0.292D+15  0.310D+11  0.183D-05  0.103D-26  0.183D-05
  0.900D+00  0.319D+15  0.359D+11  0.252D-05  0.395D-26  0.252D-05
  0.895D+00  0.345D+15  0.409D+11  0.333D-05  0.128D-25  0.333D-05
  0.890D+00  0.371D+15  0.459D+11  0.423D-05  0.353D-25  0.423D-05
  0.885D+00  0.394D+15  0.508D+11  0.520D-05  0.833D-25  0.520D-05
  0.880D+00  0.415D+15  0.553D+11  0.615D-05  0.170D-24  0.615D-05
  0.875D+00  0.434D+15  0.594D+11  0.705D-05  0.299D-24  0.705D-05
  0.870D+00  0.450D+15  0.629D+11  0.780D-05  0.458D-24  0.780D-05
  0.865D+00  0.462D+15  0.656D+11  0.835D-05  0.610D-24  0.835D-05
  0.860D+00  0.470D+15  0.676D+11  0.864D-05  0.705D-24  0.864D-05
  0.855D+00  0.475D+15  0.686D+11  0.865D-05  0.708D-24  0.865D-05
  0.850D+00  0.475D+15  0.686D+11  0.894D-05  0.813D-24  0.894D-05
  0.845D+00  0.479D+15  0.696D+11  0.956D-05  0.108D-23  0.956D-05
  0.840D+00  0.487D+15  0.716D+11  0.106D-04  0.164D-23  0.106D-04
  0.835D+00  0.501D+15  0.747D+11  0.121D-04  0.288D-23  0.121D-04
  0.830D+00  0.519D+15  0.792D+11  0.143D-04  0.576D-23  0.143D-04
  0.825D+00  0.542D+15  0.850D+11  0.174D-04  0.131D-22  0.174D-04
  0.820D+00  0.572D+15  0.926D+11  0.218D-04  0.338D-22  0.218D-04
  0.815D+00  0.607D+15  0.102D+12  0.280D-04  0.978D-22  0.280D-04
  0.810D+00  0.650D+15  0.114D+12  0.371D-04  0.315D-21  0.371D-04
  0.805D+00  0.702D+15  0.130D+12  0.502D-04  0.113D-20  0.502D-04
  0.800D+00  0.763D+15  0.149D+12  0.696D-04  0.440D-20  0.696D-04
  0.795D+00  0.836D+15  0.172D+12  0.984D-04  0.187D-19  0.984D-04
  0.790D+00  0.921D+15  0.202D+12  0.142D-03  0.861D-19  0.142D-03
  0.785D+00  0.102D+16  0.240D+12  0.207D-03  0.423D-18  0.207D-03
  0.780D+00  0.114D+16  0.288D+12  0.308D-03  0.221D-17  0.308D-03
  0.775D+00  0.128D+16  0.348D+12  0.464D-03  0.121D-16  0.464D-03
  0.770D+00  0.144D+16  0.425D+12  0.705D-03  0.698D-16  0.705D-03
  0.765D+00  0.163D+16  0.523D+12  0.108D-02  0.416D-15  0.108D-02
  0.760D+00  0.186D+16  0.650D+12  0.168D-02  0.257D-14  0.168D-02
  0.755D+00  0.213D+16  0.814D+12  0.262D-02  0.162D-13  0.262D-02
  0.750D+00  0.245D+16  0.103D+13  0.410D-02  0.105D-12  0.410D-02
  0.745D+00  0.283D+16  0.130D+13  0.645D-02  0.685D-12  0.645D-02
  0.740D+00  0.327D+16  0.167D+13  0.102D-01  0.453D-11  0.102D-01
  0.735D+00  0.381D+16  0.214D+13  0.161D-01  0.302D-10  0.161D-01
  0.730D+00  0.444D+16  0.278D+13  0.256D-01  0.202D-09  0.256D-01
  0.725D+00  0.520D+16  0.362D+13  0.406D-01  0.135D-08  0.406D-01
  0.720D+00  0.611D+16  0.474D+13  0.644D-01  0.896D-08  0.644D-01
  0.715D+00  0.721D+16  0.624D+13  0.102D+00  0.593D-07  0.102D+00
  0.710D+00  0.852D+16  0.827D+13  0.162D+00  0.389D-06  0.162D+00
  0.705D+00  0.101D+17  0.110D+14  0.256D+00  0.253D-05  0.256D+00
  0.700D+00  0.120D+17  0.147D+14  0.405D+00  0.162D-04  0.405D+00
  0.695D+00  0.143D+17  0.198D+14  0.638D+00  0.103D-03  0.638D+00
  0.690D+00  0.172D+17  0.268D+14  0.100D+01  0.642D-03  0.100D+01
  0.685D+00  0.206D+17  0.365D+14  0.157D+01  0.394D-02  0.158D+01
  0.680D+00  0.248D+17  0.498D+14  0.246D+01  0.238D-01  0.249D+01
  0.675D+00  0.299D+17  0.684D+14  0.384D+01  0.141D+00  0.398D+01
  0.670D+00  0.362D+17  0.945D+14  0.596D+01  0.823D+00  0.679D+01
  0.665D+00  0.440D+17  0.131D+15  0.924D+01  0.470D+01  0.139D+02
  0.660D+00  0.535D+17  0.183D+15  0.143D+02  0.263D+02  0.406D+02
  0.655D+00  0.654D+17  0.256D+15  0.219D+02  0.145D+03  0.167D+03
  0.650D+00  0.801D+17  0.361D+15  0.336D+02  0.777D+03  0.811D+03
  0.645D+00  0.985D+17  0.512D+15  0.514D+02  0.409D+04  0.414D+04
  0.640D+00  0.121D+18  0.729D+15  0.737D+02  0.139D+05  0.139D+05
  0.635D+00  0.150D+18  0.939D+15  0.992D+02  0.295D+05  0.296D+05
  0.630D+00  0.187D+18  0.108D+16  0.157D+03  0.174D+06  0.174D+06
  0.625D+00  0.237D+18  0.161D+16  0.246D+03  0.100D+07  0.100D+07
  0.620D+00  0.302D+18  0.242D+16  0.385D+03  0.558D+07  0.558D+07
  0.615D+00  0.386D+18  0.368D+16  0.600D+03  0.302D+08  0.302D+08
  0.610D+00  0.495D+18  0.561D+16  0.932D+03  0.159D+09  0.159D+09
  0.605D+00  0.638D+18  0.863D+16  0.144D+04  0.816D+09  0.816D+09
  0.600D+00  0.827D+18  0.134D+17  0.222D+04  0.407D+10  0.407D+10
  0.595D+00  0.108D+19  0.209D+17  0.341D+04  0.197D+11  0.197D+11
  0.590D+00  0.141D+19  0.329D+17  0.522D+04  0.932D+11  0.932D+11
  0.585D+00  0.186D+19  0.522D+17  0.799D+04  0.429D+12  0.429D+12
  0.580D+00  0.246D+19  0.836D+17  0.122D+05  0.193D+13  0.193D+13
  0.575D+00  0.329D+19  0.135D+18  0.186D+05  0.845D+13  0.845D+13
  0.570D+00  0.444D+19  0.221D+18  0.285D+05  0.362D+14  0.362D+14
  0.565D+00  0.604D+19  0.364D+18  0.437D+05  0.152D+15  0.152D+15
  0.560D+00  0.830D+19  0.608D+18  0.673D+05  0.627D+15  0.627D+15
  0.555D+00  0.115D+20  0.103D+19  0.104D+06  0.254D+16  0.254D+16
  0.550D+00  0.163D+20  0.176D+19  0.163D+06  0.102D+17  0.102D+17
  0.545D+00  0.234D+20  0.306D+19  0.257D+06  0.405D+17  0.405D+17
  0.540D+00  0.342D+20  0.541D+19  0.413D+06  0.160D+18  0.160D+18
  0.535D+00  0.512D+20  0.976D+19  0.677D+06  0.637D+18  0.637D+18
  0.530D+00  0.788D+20  0.180D+20  0.114D+07  0.255D+19  0.255D+19
  0.525D+00  0.125D+21  0.341D+20  0.197D+07  0.104D+20  0.104D+20
  0.520D+00  0.207D+21  0.666D+20  0.355D+07  0.440D+20  0.440D+20
  0.515D+00  0.360D+21  0.135D+21  0.673D+07  0.194D+21  0.194D+21
  0.510D+00  0.661D+21  0.289D+21  0.136D+08  0.905D+21  0.905D+21
  0.505D+00  0.130D+22  0.657D+21  0.294D+08  0.459D+22  0.459D+22
  0.500D+00  0.279D+22  0.162D+22  0.704D+08  0.258D+23  0.258D+23
  0.495D+00  0.667D+22  0.446D+22  0.190D+09  0.167D+24  0.167D+24
  0.490D+00  0.183D+23  0.143D+23  0.604D+09  0.129D+25  0.129D+25
  0.485D+00  0.604D+23  0.562D+23  0.238D+10  0.125D+26  0.125D+26
  0.480D+00  0.255D+24  0.297D+24  0.125D+11  0.160D+27  0.160D+27
  0.475D+00  0.151D+25  0.242D+25  0.990D+11  0.285D+28  0.285D+28
  0.470D+00  0.146D+26  0.369D+26  0.139D+13  0.746D+29  0.746D+29
  0.465D+00  0.291D+27  0.145D+28  0.454D+14  0.299D+31  0.299D+31
  0.460D+00  0.170D+29  0.234D+30  0.502D+16  0.193D+33  0.193D+33
  0.455D+00  0.501D+31  0.323D+33  0.339D+19  0.234D+35  0.234D+35
  0.450D+00  0.164D+35  0.109D+38  0.338D+23  0.847D+37  0.847D+37
  0.445D+00  0.187D+40  0.397D+44  0.181D+29  0.227D+41  0.227D+41
  0.440D+00  0.368D+47  0.116D+54  0.315D+37  0.157D+46  0.157D+46
  0.435D+00  0.121D+58  0.525D+67  0.241D+49  0.142D+53  0.142D+53
  0.430D+00  0.178D+73  0.270D+87  0.340D+66  0.159D+63  0.340D+66
  0.425D+00  0.136D+95  0.688+115  0.178D+91  0.478D+77  0.178D+91
  0.420D+00  0.479+126  0.631+156  0.795+126  0.352D+98  0.795+126
  0.415D+00  0.153+172  0.857+215  0.225+178  0.492+128  0.225+178
  0.410D+00  0.693+237  +Infinity        NaN        NaN        NaN
  0.405D+00  +Infinity  +Infinity        NaN        NaN        NaN
  0.400D+00        NaN        NaN        NaN        NaN        NaN
  0.395D+00        NaN        NaN        NaN        NaN        NaN
  0.390D+00        NaN        NaN        NaN        NaN        NaN
  0.385D+00        NaN        NaN        NaN        NaN        NaN
  0.380D+00        NaN        NaN        NaN        NaN        NaN
  0.375D+00        NaN        NaN        NaN        NaN        NaN
  0.370D+00        NaN        NaN        NaN        NaN        NaN
  0.365D+00        NaN        NaN        NaN        NaN        NaN
  0.360D+00        NaN        NaN        NaN        NaN        NaN
  0.355D+00        NaN        NaN        NaN        NaN        NaN
  0.350D+00        NaN        NaN        NaN        NaN        NaN
  0.345D+00        NaN        NaN        NaN        NaN        NaN
  0.340D+00        NaN        NaN        NaN        NaN        NaN
  0.335D+00        NaN        NaN        NaN        NaN        NaN
  0.330D+00        NaN        NaN        NaN        NaN        NaN
  0.325D+00        NaN        NaN        NaN        NaN        NaN
  0.320D+00        NaN        NaN        NaN        NaN        NaN
  0.315D+00        NaN        NaN        NaN        NaN        NaN
  0.310D+00        NaN        NaN        NaN        NaN        NaN
  0.305D+00        NaN        NaN        NaN        NaN        NaN
  0.300D+00        NaN        NaN        NaN        NaN        NaN
  0.295D+00        NaN        NaN        NaN        NaN        NaN
  0.290D+00        NaN        NaN        NaN        NaN        NaN
  0.285D+00        NaN        NaN        NaN        NaN        NaN
  0.280D+00        NaN        NaN        NaN        NaN        NaN
  0.275D+00        NaN        NaN        NaN        NaN        NaN
  0.270D+00        NaN        NaN        NaN        NaN        NaN
  0.265D+00        NaN        NaN        NaN        NaN        NaN
  0.260D+00        NaN        NaN        NaN        NaN        NaN
  0.255D+00        NaN        NaN        NaN        NaN        NaN
  0.250D+00        NaN        NaN        NaN        NaN        NaN
  0.245D+00        NaN        NaN        NaN        NaN        NaN
  0.240D+00        NaN        NaN        NaN        NaN        NaN
  0.235D+00        NaN        NaN        NaN        NaN        NaN
  0.230D+00        NaN        NaN        NaN        NaN        NaN
  0.225D+00        NaN        NaN        NaN        NaN        NaN
  0.220D+00        NaN        NaN        NaN        NaN        NaN
  0.215D+00        NaN        NaN        NaN        NaN        NaN
  0.210D+00        NaN        NaN        NaN        NaN        NaN
  0.205D+00        NaN        NaN        NaN        NaN        NaN
  0.200D+00        NaN        NaN        NaN        NaN        NaN
  0.195D+00        NaN        NaN        NaN        NaN        NaN
  0.190D+00        NaN        NaN        NaN        NaN        NaN
  0.185D+00        NaN        NaN        NaN        NaN        NaN
  0.180D+00        NaN        NaN        NaN        NaN        NaN
  0.175D+00        NaN        NaN        NaN        NaN        NaN
  0.170D+00        NaN        NaN        NaN        NaN        NaN
  0.165D+00        NaN        NaN        NaN        NaN        NaN
  0.160D+00        NaN        NaN        NaN        NaN        NaN
  0.155D+00        NaN        NaN        NaN        NaN        NaN
  0.150D+00        NaN        NaN        NaN        NaN        NaN
  0.145D+00        NaN        NaN        NaN        NaN        NaN
  0.140D+00        NaN        NaN        NaN        NaN        NaN
  0.135D+00        NaN        NaN        NaN        NaN        NaN
  0.130D+00        NaN        NaN        NaN        NaN        NaN
  0.125D+00        NaN        NaN        NaN        NaN        NaN
  0.120D+00        NaN        NaN        NaN        NaN        NaN
  0.115D+00        NaN        NaN        NaN        NaN        NaN
  0.110D+00        NaN        NaN        NaN        NaN        NaN
  0.105D+00        NaN        NaN        NaN        NaN        NaN
  0.100D+00        NaN        NaN        NaN        NaN        NaN
  0.950D-01        NaN        NaN        NaN        NaN        NaN
  0.937D-01        NaN        NaN        NaN        NaN        NaN
  0.912D-01        NaN        NaN        NaN        NaN        NaN
  0.887D-01        NaN        NaN        NaN        NaN        NaN
  0.862D-01        NaN        NaN        NaN        NaN        NaN
  0.837D-01        NaN        NaN        NaN        NaN        NaN
  0.812D-01        NaN        NaN        NaN        NaN        NaN
  0.787D-01        NaN        NaN        NaN        NaN        NaN
  0.762D-01        NaN        NaN        NaN        NaN        NaN
  0.737D-01        NaN        NaN        NaN        NaN        NaN
  0.712D-01        NaN        NaN        NaN        NaN        NaN
  0.687D-01        NaN        NaN        NaN        NaN        NaN
  0.662D-01        NaN        NaN        NaN        NaN        NaN
  0.637D-01        NaN        NaN        NaN        NaN        NaN
  0.612D-01        NaN        NaN        NaN        NaN        NaN
  0.587D-01        NaN        NaN        NaN        NaN        NaN
  0.562D-01        NaN        NaN        NaN        NaN        NaN
  0.537D-01        NaN        NaN        NaN        NaN        NaN
  0.512D-01        NaN        NaN        NaN        NaN        NaN
  0.487D-01        NaN        NaN        NaN        NaN        NaN
  0.462D-01        NaN        NaN        NaN        NaN        NaN
  0.437D-01        NaN        NaN        NaN        NaN        NaN
  0.412D-01        NaN        NaN        NaN        NaN        NaN
  0.387D-01        NaN        NaN        NaN        NaN        NaN
  0.362D-01        NaN        NaN        NaN        NaN        NaN
  0.337D-01        NaN        NaN        NaN        NaN        NaN
  0.312D-01        NaN        NaN        NaN        NaN        NaN
  0.287D-01        NaN        NaN        NaN        NaN        NaN
  0.262D-01        NaN        NaN        NaN        NaN        NaN
  0.237D-01        NaN        NaN        NaN        NaN        NaN
  0.212D-01        NaN        NaN        NaN        NaN        NaN
  0.187D-01        NaN        NaN        NaN        NaN        NaN
  0.162D-01        NaN        NaN        NaN        NaN        NaN
  0.137D-01        NaN        NaN        NaN        NaN        NaN
  0.112D-01        NaN        NaN        NaN        NaN        NaN
  0.875D-02        NaN        NaN        NaN        NaN        NaN
  0.625D-02        NaN        NaN        NaN        NaN        NaN
  0.375D-02        NaN        NaN        NaN        NaN        NaN
