        raio     massa        dens        press        temp        lumin  transp
      0.000      1.000     0.26D-01     0.12D+12     0.35D+05      1.000     2
      0.995      0.999     0.55D-01     0.10D+13     0.14D+06      1.000     2
      0.990      0.996     0.90D-01     0.29D+13     0.24D+06      1.000     2
      0.985      0.991     0.13D+00     0.60D+13     0.34D+06      1.000     2
      0.980      0.984     0.18D+00     0.11D+14     0.45D+06      1.000     2
      0.975      0.976     0.23D+00     0.17D+14     0.55D+06      1.000     2
      0.970      0.964     0.28D+00     0.25D+14     0.65D+06      1.000     2
      0.965      0.950     0.34D+00     0.35D+14     0.76D+06      1.000     2
      0.960      0.934     0.40D+00     0.46D+14     0.86D+06      1.000     2
      0.955      0.915     0.46D+00     0.60D+14     0.97D+06      1.000     2
      0.950      0.892     0.53D+00     0.76D+14     0.11D+07      1.000     2
      0.945      0.867     0.60D+00     0.94D+14     0.12D+07      1.000     2
      0.940      0.839     0.67D+00     0.11D+15     0.13D+07      1.000     2
      0.935      0.808     0.74D+00     0.14D+15     0.14D+07      1.000     2
      0.930      0.774     0.81D+00     0.16D+15     0.15D+07      1.000     2
      0.925      0.738     0.88D+00     0.18D+15     0.15D+07      1.000     2
      0.920      0.698     0.95D+00     0.21D+15     0.16D+07      1.000     2
      0.915      0.656     0.10D+01     0.24D+15     0.17D+07      1.000     2
      0.910      0.611     0.11D+01     0.26D+15     0.18D+07      1.000     2
      0.905      0.564     0.12D+01     0.29D+15     0.19D+07      1.000     2
      0.900      0.514     0.12D+01     0.32D+15     0.19D+07      1.000     2
      0.895      0.462     0.13D+01     0.35D+15     0.20D+07      1.000     2
      0.890      0.409     0.13D+01     0.37D+15     0.21D+07      1.000     2
      0.885      0.353     0.14D+01     0.39D+15     0.21D+07      1.000     2
      0.880      0.297     0.14D+01     0.42D+15     0.22D+07      1.000     2
      0.875      0.239     0.15D+01     0.43D+15     0.22D+07      1.000     2
      0.870      0.180     0.15D+01     0.45D+15     0.22D+07      1.000     2
      0.865      0.121     0.15D+01     0.46D+15     0.23D+07      1.000     2
      0.860      0.061     0.15D+01     0.47D+15     0.23D+07      1.000     2
      0.855      0.002     0.15D+01     0.47D+15     0.23D+07      1.000     2
      0.850     -0.057     0.15D+01     0.47D+15     0.23D+07      1.000     2
      0.845     -0.116     0.16D+01     0.48D+15     0.23D+07      1.000     2
      0.840     -0.174     0.16D+01     0.49D+15     0.23D+07      1.000     2
      0.835     -0.232     0.16D+01     0.50D+15     0.23D+07      1.000     2
      0.830     -0.290     0.16D+01     0.52D+15     0.24D+07      1.000     2
      0.825     -0.349     0.17D+01     0.54D+15     0.24D+07      1.000     2
      0.820     -0.408     0.17D+01     0.57D+15     0.25D+07      1.000     2
      0.815     -0.469     0.18D+01     0.61D+15     0.25D+07      1.000     2
      0.810     -0.531     0.19D+01     0.65D+15     0.26D+07      1.000     2
      0.805     -0.595     0.19D+01     0.70D+15     0.27D+07      1.000     2
      0.800     -0.661     0.20D+01     0.76D+15     0.28D+07      1.000     2
      0.795     -0.730     0.22D+01     0.84D+15     0.29D+07      1.000     2
      0.790     -0.801     0.23D+01     0.92D+15     0.30D+07      1.000     2
      0.785     -0.876     0.24D+01     0.10D+16     0.31D+07      1.000     2
      0.780     -0.954     0.26D+01     0.11D+16     0.33D+07      1.000     2
      0.775     -1.037     0.28D+01     0.13D+16     0.34D+07      1.000     2
      0.770     -1.124     0.30D+01     0.14D+16     0.36D+07      1.000     2
      0.765     -1.216     0.32D+01     0.16D+16     0.38D+07      1.000     2
      0.760     -1.314     0.35D+01     0.19D+16     0.40D+07      1.000     2
      0.755     -1.418     0.37D+01     0.21D+16     0.42D+07      1.000     2
      0.750     -1.530     0.40D+01     0.24D+16     0.45D+07      1.000     2
      0.745     -1.649     0.44D+01     0.28D+16     0.48D+07      1.000     2
      0.740     -1.777     0.48D+01     0.33D+16     0.51D+07      1.000     2
      0.735     -1.914     0.52D+01     0.38D+16     0.54D+07      1.000     2
      0.730     -2.062     0.57D+01     0.44D+16     0.58D+07      1.000     2
      0.725     -2.222     0.63D+01     0.52D+16     0.62D+07      1.000     2
      0.720     -2.395     0.69D+01     0.61D+16     0.66D+07      1.000     2
      0.715     -2.582     0.76D+01     0.72D+16     0.71D+07      1.000     2
      0.710     -2.785     0.84D+01     0.85D+16     0.76D+07      1.000     2
      0.705     -3.006     0.92D+01     0.10D+17     0.81D+07      1.000     2
      0.700     -3.246     0.10D+02     0.12D+17     0.87D+07      1.000     2
      0.695     -3.507     0.11D+02     0.14D+17     0.94D+07      1.000     2
      0.690     -3.793     0.13D+02     0.17D+17     0.10D+08      1.000     2
      0.685     -4.105     0.14D+02     0.21D+17     0.11D+08      1.000     2
      0.680     -4.448     0.16D+02     0.25D+17     0.12D+08      1.000     2
      0.675     -4.823     0.17D+02     0.30D+17     0.13D+08      1.000     2
      0.670     -5.235     0.19D+02     0.36D+17     0.14D+08      0.999     2
      0.665     -5.689     0.22D+02     0.44D+17     0.15D+08      0.999     2
      0.660     -6.189     0.24D+02     0.54D+17     0.16D+08      0.997     2
      0.655     -6.741     0.27D+02     0.65D+17     0.18D+08      0.995     2
      0.650     -7.351     0.31D+02     0.80D+17     0.19D+08      0.986     2
      0.645     -8.026     0.34D+02     0.98D+17     0.21D+08      0.948     2
      0.640     -8.776     0.39D+02     0.12D+18     0.23D+08      0.739     1
      0.635     -9.609     0.45D+02     0.15D+18     0.25D+08     -0.445     1
      0.630    -10.561     0.54D+02     0.19D+18     0.26D+08     -4.994     2
      0.625    -11.689     0.62D+02     0.24D+18     0.28D+08    -16.442     2
      0.620    -12.962     0.72D+02     0.30D+18     0.31D+08    -92.554     2
      0.615    -14.401     0.82D+02     0.39D+18     0.35D+08   -586.047     2
      0.610    -16.031     0.95D+02     0.49D+18     0.39D+08  -3703.531     2
      0.605    -17.881     0.11D+03     0.64D+18     0.43D+08 -22892.229     2
      0.600    -19.989     0.13D+03     0.83D+18     0.48D+08 **********     2
      0.595    -22.395     0.15D+03     0.11D+19     0.54D+08 **********     2
      0.590    -25.152     0.17D+03     0.14D+19     0.60D+08 **********     2
      0.585    -28.321     0.20D+03     0.19D+19     0.67D+08 **********     2
      0.580    -31.978     0.24D+03     0.25D+19     0.76D+08 **********     2
      0.575    -36.216     0.29D+03     0.33D+19     0.86D+08 **********     2
      0.570    -41.152     0.34D+03     0.44D+19     0.97D+08 **********     2
      0.565    -46.934     0.41D+03     0.60D+19     0.11D+09 **********     2
      0.560    -53.751     0.49D+03     0.83D+19     0.12D+09 **********     2
      0.555    -61.849     0.60D+03     0.12D+20     0.14D+09 **********     2
      0.550    -71.556     0.74D+03     0.16D+20     0.16D+09 **********     2
      0.545    -83.316     0.93D+03     0.23D+20     0.19D+09 **********     2
      0.540    -97.744     0.12D+04     0.34D+20     0.22D+09 **********     2
      0.535   -115.716     0.15D+04     0.51D+20     0.25D+09 **********     2
      0.530   -138.509     0.20D+04     0.79D+20     0.29D+09 **********     2
      0.525   -168.052     0.27D+04     0.13D+21     0.34D+09 **********     2
      0.520   -207.354     0.38D+04     0.21D+21     0.40D+09 **********     2
      0.515   -261.290     0.55D+04     0.36D+21     0.48D+09 **********     2
      0.510   -338.120     0.84D+04     0.66D+21     0.58D+09 **********     2
      0.505   -452.561     0.14D+05     0.13D+22     0.71D+09 **********     2
      0.500   -632.441     0.23D+05     0.28D+22     0.90D+09 **********     2
      0.495   -934.269     0.43D+05     0.67D+22     0.12D+10 **********     2
      0.490  -1483.190     0.88D+05     0.18D+23     0.15D+10 **********     2
      0.485  -2587.771     0.21D+06     0.60D+23     0.22D+10 **********     2
      0.480  -5119.554     0.57D+06     0.25D+24     0.33D+10 **********     2
      0.475 -12013.114     0.20D+07     0.15D+25     0.56D+10 **********     2
      0.470 -35754.282     0.99D+07     0.15D+26     0.11D+11 **********     2
      0.465 **********     0.79D+08     0.29D+27     0.28D+11 **********     2
      0.460 **********     0.13D+10     0.17D+29     0.98D+11 **********     2
      0.455 **********     0.62D+11     0.50D+31     0.60D+12 **********     2
      0.450 **********     0.15D+14     0.16D+35     0.81D+13 **********     2
      0.445 **********     0.39D+17     0.19D+40     0.35D+15 **********     2
      0.440 **********     0.33D+22     0.37D+47     0.82D+17 **********     2
      0.435 **********     0.42D+29     0.12D+58     0.21D+21 **********     2
      0.430 **********     0.73D+39     0.18D+73     0.18D+26 **********     2
      0.425 **********     0.44D+54     0.14D+95     0.23D+33 **********     2
      0.420 **********     0.89D+75     0.48+126     0.40D+43 **********     2
      0.415 **********     0.47+106     0.15+172     0.24D+58 **********     2
      0.410 **********     0.11+151     0.69+237     0.49D+79 **********     1
      0.405 **********          NaN    +Infinity    +Infinity  -Infinity     1
      0.400        NaN          NaN          NaN          NaN        NaN     1
      0.395        NaN          NaN          NaN          NaN        NaN     1
      0.390        NaN          NaN          NaN          NaN        NaN     1
      0.385        NaN          NaN          NaN          NaN        NaN     1
      0.380        NaN          NaN          NaN          NaN        NaN     1
      0.375        NaN          NaN          NaN          NaN        NaN     1
      0.370        NaN          NaN          NaN          NaN        NaN     1
      0.365        NaN          NaN          NaN          NaN        NaN     1
      0.360        NaN          NaN          NaN          NaN        NaN     1
      0.355        NaN          NaN          NaN          NaN        NaN     1
      0.350        NaN          NaN          NaN          NaN        NaN     1
      0.345        NaN          NaN          NaN          NaN        NaN     1
      0.340        NaN          NaN          NaN          NaN        NaN     1
      0.335        NaN          NaN          NaN          NaN        NaN     1
      0.330        NaN          NaN          NaN          NaN        NaN     1
      0.325        NaN          NaN          NaN          NaN        NaN     1
      0.320        NaN          NaN          NaN          NaN        NaN     1
      0.315        NaN          NaN          NaN          NaN        NaN     1
      0.310        NaN          NaN          NaN          NaN        NaN     1
      0.305        NaN          NaN          NaN          NaN        NaN     1
      0.300        NaN          NaN          NaN          NaN        NaN     1
      0.295        NaN          NaN          NaN          NaN        NaN     1
      0.290        NaN          NaN          NaN          NaN        NaN     1
      0.285        NaN          NaN          NaN          NaN        NaN     1
      0.280        NaN          NaN          NaN          NaN        NaN     1
      0.275        NaN          NaN          NaN          NaN        NaN     1
      0.270        NaN          NaN          NaN          NaN        NaN     1
      0.265        NaN          NaN          NaN          NaN        NaN     1
      0.260        NaN          NaN          NaN          NaN        NaN     1
      0.255        NaN          NaN          NaN          NaN        NaN     1
      0.250        NaN          NaN          NaN          NaN        NaN     1
      0.245        NaN          NaN          NaN          NaN        NaN     1
      0.240        NaN          NaN          NaN          NaN        NaN     1
      0.235        NaN          NaN          NaN          NaN        NaN     1
      0.230        NaN          NaN          NaN          NaN        NaN     1
      0.225        NaN          NaN          NaN          NaN        NaN     1
      0.220        NaN          NaN          NaN          NaN        NaN     1
      0.215        NaN          NaN          NaN          NaN        NaN     1
      0.210        NaN          NaN          NaN          NaN        NaN     1
      0.205        NaN          NaN          NaN          NaN        NaN     1
      0.200        NaN          NaN          NaN          NaN        NaN     1
      0.195        NaN          NaN          NaN          NaN        NaN     1
      0.190        NaN          NaN          NaN          NaN        NaN     1
      0.185        NaN          NaN          NaN          NaN        NaN     1
      0.180        NaN          NaN          NaN          NaN        NaN     1
      0.175        NaN          NaN          NaN          NaN        NaN     1
      0.170        NaN          NaN          NaN          NaN        NaN     1
      0.165        NaN          NaN          NaN          NaN        NaN     1
      0.160        NaN          NaN          NaN          NaN        NaN     1
      0.155        NaN          NaN          NaN          NaN        NaN     1
      0.150        NaN          NaN          NaN          NaN        NaN     1
      0.145        NaN          NaN          NaN          NaN        NaN     1
      0.140        NaN          NaN          NaN          NaN        NaN     1
      0.135        NaN          NaN          NaN          NaN        NaN     1
      0.130        NaN          NaN          NaN          NaN        NaN     1
      0.125        NaN          NaN          NaN          NaN        NaN     1
      0.120        NaN          NaN          NaN          NaN        NaN     1
      0.115        NaN          NaN          NaN          NaN        NaN     1
      0.110        NaN          NaN          NaN          NaN        NaN     1
      0.105        NaN          NaN          NaN          NaN        NaN     1
      0.100        NaN          NaN          NaN          NaN        NaN     1
      0.095        NaN          NaN          NaN          NaN        NaN     1
      0.094        NaN          NaN          NaN          NaN        NaN     1
      0.091        NaN          NaN          NaN          NaN        NaN     1
      0.089        NaN          NaN          NaN          NaN        NaN     1
      0.086        NaN          NaN          NaN          NaN        NaN     1
      0.084        NaN          NaN          NaN          NaN        NaN     1
      0.081        NaN          NaN          NaN          NaN        NaN     1
      0.079        NaN          NaN          NaN          NaN        NaN     1
      0.076        NaN          NaN          NaN          NaN        NaN     1
      0.074        NaN          NaN          NaN          NaN        NaN     1
      0.071        NaN          NaN          NaN          NaN        NaN     1
      0.069        NaN          NaN          NaN          NaN        NaN     1
      0.066        NaN          NaN          NaN          NaN        NaN     1
      0.064        NaN          NaN          NaN          NaN        NaN     1
      0.061        NaN          NaN          NaN          NaN        NaN     1
      0.059        NaN          NaN          NaN          NaN        NaN     1
      0.056        NaN          NaN          NaN          NaN        NaN     1
      0.054        NaN          NaN          NaN          NaN        NaN     1
      0.051        NaN          NaN          NaN          NaN        NaN     1
      0.049        NaN          NaN          NaN          NaN        NaN     1
      0.046        NaN          NaN          NaN          NaN        NaN     1
      0.044        NaN          NaN          NaN          NaN        NaN     1
      0.041        NaN          NaN          NaN          NaN        NaN     1
      0.039        NaN          NaN          NaN          NaN        NaN     1
      0.036        NaN          NaN          NaN          NaN        NaN     1
      0.034        NaN          NaN          NaN          NaN        NaN     1
      0.031        NaN          NaN          NaN          NaN        NaN     1
      0.029        NaN          NaN          NaN          NaN        NaN     1
      0.026        NaN          NaN          NaN          NaN        NaN     1
      0.024        NaN          NaN          NaN          NaN        NaN     1
      0.021        NaN          NaN          NaN          NaN        NaN     1
      0.019        NaN          NaN          NaN          NaN        NaN     1
      0.016        NaN          NaN          NaN          NaN        NaN     1
      0.014        NaN          NaN          NaN          NaN        NaN     1
      0.011        NaN          NaN          NaN          NaN        NaN     1
      0.009        NaN          NaN          NaN          NaN        NaN     1
      0.006        NaN          NaN          NaN          NaN        NaN     1
      0.004        NaN          NaN          NaN          NaN        NaN     1
